$SPEC_ID:
No sample description was entered.
$SPEC_REM:
DET# 1
DETDESC# DESKTOP-L9Q2V8F Model 928 SN 22174364
AP# Maestro Version 7.01
$DATE_MEA:
05/06/2026 19:28:32
$MEAS_TIM:
0 1200
$DATA:
0 4095
       0
       0
       0
       0
 9393199
11028748
12551607
13854338
14883290
15639127
16137359
16394728
16426584
16231746
15824959
15225672
14473557
13624787
12694692
11725201
10744992
 9770317
 8815731
 7893827
 7024139
 6203743
 5445311
 4743323
 4111168
 3538422
 3028791
 2578202
 2180054
 1838115
 1542087
 1287038
 1069628
  884912
  728488
  600619
  492148
  401164
  326547
  264942
  214636
  173915
  139096
  111326
   89694
   71548
   56960
   45548
   36158
   28509
   22320
   17851
   14159
   10938
    8660
    6955
    5401
    4338
    3426
    2836
    2171
    1760
    1479
    1195
    1004
     897
     773
     623
     577
     562
     493
     457
     418
     409
     380
     381
     359
     302
     344
     321
     311
     304
     302
     280
     288
     284
     256
     271
     243
     243
     231
     278
     241
     240
     243
     243
     243
     240
     233
     238
     206
     240
     198
     185
     227
     211
     225
     204
     198
     184
     193
     170
     195
     195
     178
     186
     167
     155
     147
     152
     167
     150
     170
     172
     148
     151
     174
     143
     153
     141
     154
     155
     162
     149
     112
     138
     145
     139
     129
     149
     133
     141
     136
     134
     125
     136
     132
     105
     116
     140
     135
     127
     128
     133
     106
     107
     135
     117
     120
     137
     122
     121
     122
     153
     127
     141
      98
     125
     115
     126
     154
     122
     122
     131
     118
     127
     121
     131
     119
     120
     117
     103
     124
     115
     123
     127
     113
     135
     127
     121
     109
     137
     106
     119
     132
     143
     109
     127
     126
     129
     143
     131
     126
     129
     127
     121
     124
     102
     134
     129
     120
     142
     146
     124
     144
     125
     120
     131
     135
     135
     153
     136
     153
     147
     141
     107
     124
     120
     116
     140
     124
     122
     146
     141
     142
     130
     127
     123
     142
     113
     135
     122
     136
     111
     106
     134
     120
     124
     149
     127
     124
     145
     133
     102
     110
     125
     124
     120
     140
     127
     119
     136
     125
     135
     124
     118
     137
     117
     138
     147
     123
     111
     126
     130
     132
     126
     118
     133
     112
     119
      96
     131
     141
     146
     124
     114
     121
     136
     134
     141
     131
     120
     141
     137
     129
     139
     143
     102
     125
     122
     112
     132
     126
     128
     113
     136
     124
     118
     138
     108
     120
     128
     113
     119
     132
     108
     121
     137
     134
     142
     119
     132
     114
     129
     122
     112
     114
     120
     109
     112
     130
     102
     149
     128
     133
     128
     118
     119
     131
     132
     122
     115
     120
     112
     127
     117
      90
     132
     119
     113
      76
     125
     133
     122
     102
     104
     104
     115
     108
     123
     117
     116
     104
     129
     103
     118
     131
     119
     100
     117
     113
     103
     107
     113
     115
      91
     107
     134
     105
     105
     114
     100
     107
     114
     112
     111
     101
     102
      99
      97
      98
     102
     113
      82
     100
     100
     103
     100
     108
     110
     106
      87
     105
     103
      79
      89
      95
      90
     103
      85
     104
      90
      92
     101
     101
      90
      91
      91
      92
      72
     100
      87
     112
     117
      87
     108
      80
      77
     103
     101
      87
      88
     104
      95
      90
     103
      80
      81
      86
     101
      87
      82
      76
      79
      92
      84
      75
      81
      90
     100
      80
      84
      87
      55
      75
      87
      90
      76
      63
      74
      93
      80
     107
      88
      72
      77
     101
      90
      74
      94
     107
      78
      93
      84
      87
      78
      78
      75
      90
      80
      88
      81
      88
      82
      90
      79
      89
      88
      91
      67
      70
      79
      70
      78
      80
      81
      71
      82
      81
      56
      69
      63
      80
      82
      82
      72
      63
      70
      71
      67
      78
      75
      62
      78
      73
      59
      68
     103
      53
      69
      71
      84
      63
      70
      78
      76
      59
      55
      65
      78
      70
      64
      75
      78
      80
      77
      59
      80
      72
      75
      76
      82
      68
      76
      58
      76
      77
      60
      69
      73
      85
      65
      85
      75
      72
      67
      78
      80
      72
      79
      69
      70
      86
      78
      67
      71
      70
      74
      74
      81
      73
      71
      79
      66
      65
      71
      72
      75
      72
      70
      62
      66
      72
      73
      70
      80
      70
      80
      78
      59
      73
      74
      68
      69
      55
      74
      61
      73
      72
      71
      88
      72
      84
      77
      76
      79
      75
      63
      74
      72
      66
      79
      70
      76
      82
      85
      64
      84
      89
      67
      64
      79
      68
      72
      68
      57
      81
      68
      82
      56
      71
      70
      78
      72
      52
      69
      60
      56
      58
      74
      59
      62
      68
      60
      65
      55
      57
      69
      59
      49
      54
      44
      59
      53
      71
      56
      71
      64
      65
      61
      67
      61
      47
      53
      50
      60
      47
      50
      44
      53
      50
      39
      45
      48
      54
      45
      56
      44
      51
      59
      60
      51
      61
      45
      59
      55
      53
      47
      58
      48
      50
      53
      50
      54
      60
      55
      54
      45
      53
      44
      59
      44
      53
      49
      52
      45
      49
      57
      50
      49
      42
      47
      54
      39
      47
      38
      42
      37
      56
      49
      52
      48
      57
      50
      38
      47
      51
      40
      43
      37
      33
      35
      43
      36
      40
      46
      46
      47
      52
      36
      44
      38
      44
      44
      43
      53
      31
      47
      40
      43
      39
      39
      35
      41
      60
      44
      45
      41
      43
      35
      45
      45
      35
      49
      44
      43
      37
      45
      43
      48
      39
      39
      44
      31
      31
      36
      33
      33
      57
      43
      45
      37
      34
      37
      45
      38
      49
      35
      39
      42
      51
      45
      39
      41
      45
      35
      49
      28
      53
      34
      38
      31
      33
      45
      48
      42
      41
      38
      42
      33
      29
      41
      41
      48
      29
      53
      38
      48
      36
      42
      33
      38
      32
      40
      38
      33
      42
      26
      38
      38
      31
      35
      46
      25
      30
      39
      32
      42
      35
      45
      36
      37
      36
      32
      44
      41
      28
      41
      44
      46
      25
      37
      33
      36
      34
      35
      24
      35
      44
      40
      27
      33
      39
      35
      37
      36
      37
      37
      32
      30
      35
      38
      32
      40
      36
      39
      34
      29
      31
      40
      36
      35
      44
      41
      34
      31
      31
      30
      26
      40
      30
      34
      39
      35
      38
      41
      31
      34
      44
      34
      41
      31
      44
      39
      43
      39
      37
      32
      24
      33
      30
      28
      33
      31
      33
      47
      42
      24
      27
      35
      53
      43
      30
      31
      32
      38
      37
      34
      31
      30
      28
      34
      41
      34
      33
      41
      39
      26
      28
      35
      29
      33
      30
      28
      26
      27
      41
      36
      33
      30
      33
      28
      37
      23
      31
      40
      26
      37
      28
      35
      30
      27
      33
      29
      35
      21
      29
      23
      38
      46
      31
      36
      23
      37
      28
      31
      34
      25
      19
      27
      43
      26
      30
      23
      37
      36
      18
      29
      27
      34
      23
      28
      30
      31
      32
      24
      19
      32
      33
      32
      34
      27
      22
      31
      38
      28
      23
      37
      35
      23
      34
      35
      32
      30
      30
      17
      25
      33
      19
      34
      33
      37
      22
      20
      25
      36
      31
      32
      27
      30
      27
      42
      38
      27
      31
      31
      33
      27
      30
      22
      32
      32
      31
      31
      39
      25
      25
      36
      33
      23
      28
      21
      29
      30
      28
      35
      26
      34
      23
      35
      24
      40
      28
      25
      27
      33
      20
      33
      30
      34
      28
      43
      39
      26
      26
      34
      25
      35
      36
      32
      29
      32
      30
      34
      32
      23
      32
      26
      37
      44
      25
      34
      28
      29
      20
      28
      19
      31
      28
      33
      31
      27
      29
      20
      31
      19
      15
      31
      27
      14
      31
      17
      22
      30
      24
      31
      20
      24
      27
      22
      31
      26
      30
      23
      20
      31
      32
      29
      25
      28
      31
      31
      14
      22
      35
      31
      36
      28
      20
      22
      23
      30
      24
      14
      24
      33
      16
      34
      19
      19
      22
      25
      31
      21
      35
      22
      31
      26
      20
      23
      32
      27
      28
      29
      20
      31
      29
      18
      41
      27
      29
      29
      23
      21
      22
      17
      25
      19
      36
      29
      25
      20
      28
      19
      32
      31
      26
      24
      23
      23
      29
      29
      24
      32
      24
      24
      40
      41
      27
      33
      28
      28
      20
      26
      24
      31
      26
      28
      18
      24
      24
      30
      18
      27
      29
      28
      24
      29
      26
      23
      35
      17
      21
      29
      28
      26
      26
      13
      25
      21
      25
      28
      19
      26
      19
      26
      28
      26
      28
      28
      18
      19
      29
      23
      24
      23
      21
      19
      30
      25
      21
      30
      32
      27
      16
      34
      32
      27
      17
      29
      37
      20
      17
      23
      27
      17
      22
      19
      27
      26
      20
      22
      27
      22
      30
      28
      18
      25
      31
      33
      19
      29
      31
      21
      22
      18
      31
      18
      27
      26
      21
      24
      23
      16
      29
      21
      21
      30
      21
      22
      18
      21
      23
      22
      20
      30
      37
      30
      28
      19
      24
      21
      29
      28
      19
      19
      32
      30
      30
      21
      17
      17
      27
      27
      15
      21
      16
      19
      27
      19
      28
      28
      27
      21
      30
      21
      31
      30
      21
      22
      23
      21
      26
      19
      25
      20
      29
      16
      25
      25
      32
      25
      25
      16
      34
      27
      27
      19
      17
      27
      27
      30
      35
      15
      25
      25
      18
      24
      26
      28
      17
      24
      14
      15
      15
      26
      22
      20
      21
      18
      24
      31
      25
      29
      19
      31
      26
      25
      21
      27
      23
      27
      20
      26
      18
      20
      26
      17
      35
      36
      27
      24
      31
      28
      23
      26
      16
      18
      30
      27
      26
      22
      25
      24
      24
      20
      21
      28
      20
      18
      17
      25
      25
      24
      31
      20
      15
      25
      23
      19
      20
      25
      32
      20
      23
      27
      20
      31
      18
      24
      20
      19
      23
      23
      25
      30
      19
      20
      22
      25
      24
      20
      20
      31
      24
      26
      23
      30
      26
      23
      14
      20
      25
      22
      21
      26
      15
      27
      18
      26
      20
      20
      18
      20
      18
      21
      27
      22
      23
      26
      37
      24
      20
      29
      17
      24
      25
      11
      28
      25
      19
      32
      20
      20
      28
      27
      24
      24
      13
      28
      20
      24
      28
      24
      34
      22
      24
      22
      30
      32
      27
      21
      29
      27
      35
      18
      34
      24
      22
      27
      26
      26
      23
      19
      32
      17
      23
      24
      20
      22
      21
      25
      22
      27
      24
      27
      25
      27
      25
      29
      21
      27
      23
      28
      30
      13
      22
      19
      23
      21
      23
      33
       8
      29
      31
      20
      20
      17
      32
      25
      33
      26
      25
      31
      20
      29
      25
      26
      30
      22
      35
      29
      27
      22
      30
      30
      18
      17
      17
      31
      32
      24
      24
      15
      16
      26
      18
      18
      30
      18
      17
      24
      20
      16
      18
      26
      25
      19
      25
      23
      20
      26
      23
      21
      15
      20
      20
      20
      29
      25
      18
      20
      24
      20
      28
      21
      25
      24
      27
      14
      23
      19
      24
      17
      22
      26
      23
      28
      21
      20
      25
      25
      19
      17
      24
      22
      24
      21
      16
      25
      21
      10
      19
      16
      30
      23
      32
      20
      30
      18
      20
      17
      24
      22
      17
      19
      26
      19
      25
      24
      17
      24
      24
      25
      20
      15
      18
      20
      19
      15
      22
      19
      19
      20
      28
      24
      22
      24
      24
      16
      21
      17
      27
      28
      21
      17
      16
      25
      17
      30
      17
      28
      21
      25
      14
      19
      24
      24
      16
      26
      27
      19
      21
      20
      28
      30
      18
      23
      20
      21
      20
      25
      21
      26
      14
      16
      24
      23
      23
      21
      13
      15
      19
      21
      25
      17
      25
      17
      24
      23
      23
      16
      21
      17
      26
      26
      21
      29
      27
      22
      21
      24
      18
      26
      20
      17
      18
      20
      22
      23
      24
      18
      27
      31
      21
      15
      27
      18
      21
      23
      24
      25
      16
      33
      29
      21
      22
      21
      23
      16
       9
      23
      20
      23
      23
      15
      22
      22
      30
      19
      19
      21
      21
      20
      22
      27
      20
      26
      16
      15
      25
      25
      23
      22
      24
      23
      26
      17
      18
      26
      29
      31
      16
      16
      25
      17
      24
      28
      19
      30
      22
      25
      27
      22
      17
      15
      23
      23
      20
      16
      16
      10
      30
      20
      24
      17
      37
      27
      21
      25
      28
      17
      13
      22
      26
      25
      20
      29
      19
      21
      18
      22
      26
      33
      22
      18
      22
      20
      19
      22
      18
      30
      23
      26
      20
      18
      18
      27
      19
      32
      30
      33
      20
      23
      25
      18
      22
      36
      25
      20
      22
      23
      19
      22
      27
      16
      23
      21
      30
      19
      23
      23
      20
      28
      31
      30
      18
      23
      27
      27
      27
      25
      25
      26
      29
      22
      21
      30
      22
      21
      25
      14
      25
      22
      20
      24
      13
      25
      19
      25
      17
      16
      21
      23
      27
      19
      19
      20
      26
      17
      27
      18
      23
      20
      29
      16
      23
      19
      25
      24
      21
      22
      17
      29
      22
      28
      25
      21
      19
      24
      30
      22
      16
      20
      15
      23
      22
      33
      21
      25
      23
      18
      16
      30
      34
      31
      26
      24
      35
      27
      21
      25
      19
      28
      30
      15
      20
      19
      25
      25
      21
      21
      20
      21
      18
      29
      29
      17
      16
      27
      27
      23
      24
      25
      15
      23
      19
      28
      30
      21
      25
      20
      22
      29
      28
      20
      17
      20
      31
      27
      25
      21
      27
      33
      22
      22
      23
      27
      23
      15
      27
      20
      28
      26
      28
      28
      24
      20
      23
      27
      24
      33
      25
      37
      23
      19
      18
      32
      23
      29
      26
      23
      16
      23
      27
      21
      30
      25
      27
      25
      31
      31
      20
      25
      24
      31
      28
      25
      12
      21
      24
      20
      20
      24
      22
      24
      20
      22
      30
      25
      28
      23
      29
      22
      30
      21
      22
      24
      20
      18
      21
      28
      28
      29
      21
      29
      22
      37
      25
      16
      31
      33
      30
      25
      31
      32
      26
      22
      29
      24
      25
      16
      23
      24
      24
      38
      19
      16
      22
      21
      27
      29
      22
      25
      20
      28
      24
      26
      26
      22
      28
      23
      19
      20
      32
      28
      21
      19
      25
      26
      28
      23
      27
      33
      26
      29
      21
      21
      22
      22
      29
      16
      21
      23
      26
      26
      18
      35
      17
      24
      21
      30
      19
      18
      25
      31
      26
      23
      21
      28
      22
      17
      29
      23
      28
      20
      21
      29
      33
      27
      27
      29
      31
      25
      23
      24
      27
      33
      31
      25
      36
      26
      18
      26
      26
      25
      19
      28
      32
      20
      32
      31
      28
      23
      21
      40
      29
      20
      32
      24
      23
      25
      30
      23
      19
      18
      32
      21
      35
      34
      23
      22
      19
      23
      27
      33
      33
      23
      31
      17
      31
      26
      29
      31
      31
      21
      26
      25
      29
      29
      26
      24
      30
      27
      24
      33
      26
      33
      24
      32
      28
      31
      24
      23
      33
      34
      23
      22
      20
      29
      27
      19
      40
      27
      21
      25
      36
      39
      28
      34
      19
      24
      29
      23
      33
      33
      22
      21
      32
      32
      23
      22
      21
      21
      33
      28
      27
      23
      26
      23
      34
      33
      27
      16
      26
      36
      24
      34
      23
      21
      30
      25
      25
      21
      25
      27
      21
      21
      35
      17
      29
      30
      27
      28
      27
      24
      37
      33
      36
      27
      24
      19
      27
      32
      27
      28
      28
      24
      30
      29
      29
      37
      29
      28
      32
      36
      34
      39
      20
      37
      38
      30
      35
      31
      23
      33
      36
      20
      28
      38
      30
      25
      35
      24
      31
      38
      40
      37
      29
      32
      41
      29
      29
      34
      23
      27
      41
      43
      27
      28
      34
      32
      29
      21
      28
      24
      41
      30
      29
      30
      29
      34
      34
      31
      23
      30
      29
      30
      37
      36
      32
      31
      26
      26
      33
      25
      27
      28
      33
      33
      39
      37
      36
      28
      32
      31
      29
      29
      36
      26
      33
      28
      41
      34
      41
      44
      24
      29
      35
      37
      38
      31
      31
      29
      32
      37
      29
      32
      38
      31
      31
      50
      29
      31
      42
      36
      31
      31
      34
      36
      25
      33
      30
      39
      33
      44
      30
      33
      22
      36
      30
      32
      28
      27
      25
      39
      26
      33
      30
      34
      37
      31
      36
      39
      35
      34
      40
      35
      31
      21
      38
      24
      30
      35
      25
      41
      29
      35
      30
      30
      29
      31
      36
      41
      26
      33
      36
      29
      40
      40
      32
      36
      24
      30
      29
      32
      29
      24
      31
      23
      36
      37
      20
      28
      32
      32
      25
      32
      22
      30
      25
      33
      20
      22
      28
      34
      31
      22
      31
      22
      19
      28
      32
      31
      21
      29
      28
      28
      23
      22
      36
      18
      28
      26
      28
      21
      28
      27
      18
      26
      25
      22
      19
      11
      26
      32
      34
      23
      29
      19
      33
      25
      23
      21
      39
      27
      21
      25
      21
      18
      22
      18
      19
      27
      23
      26
      22
      15
      20
      25
      33
      30
      27
      27
      19
      24
      28
      24
      26
      19
      21
      22
      29
      18
      20
      16
      22
      32
      22
      28
      19
      28
      24
      18
      25
      19
      20
      26
      27
      15
      25
      20
      22
      24
      19
      24
      28
      31
      19
      23
      24
      18
      27
      13
      20
      24
      27
      28
      21
      22
      44
      23
      22
      16
      32
      28
      24
      17
      26
      32
      26
      30
      16
      23
      23
      19
      17
      19
      21
      22
      26
      21
      26
      24
      24
      25
      19
      18
      21
      29
      35
      19
      24
      25
      22
      26
      34
      24
      25
      24
      29
      24
      18
      22
      12
      20
      23
      20
      23
      22
      20
      26
      18
      18
      22
      17
      17
      26
      27
      19
      25
      22
      19
      31
      33
      25
      20
      17
      31
      26
      24
      25
      22
      25
      31
      13
      26
      18
      27
      11
      17
      22
      22
      30
      18
      31
      19
      25
      26
      23
      23
      23
      26
      36
      23
      25
      24
      19
      22
      17
      18
      19
      26
      30
      18
      26
      19
      23
      26
      18
      20
      14
      26
      28
      14
      20
      17
      22
      20
      25
      24
      24
      27
      22
      23
      22
      26
      12
      23
      24
      26
      26
      19
      19
      17
      24
      22
      13
      17
      22
      16
      25
      18
      19
      14
      18
      19
      17
      21
      14
      22
      29
      23
      15
      19
      23
      19
      23
      19
      25
      21
      22
      20
      20
      19
      29
      24
      21
      31
      22
      28
      16
      23
      24
      22
      18
      23
      24
      17
      21
      16
      27
      19
      24
      30
      17
      27
      16
      21
      15
      20
      25
      23
      19
      24
      28
      23
      21
      20
      19
      26
      20
      25
      20
      24
      20
      34
      21
      24
      25
      18
      15
      31
      18
      25
      30
      21
      32
      24
      21
      10
      26
      22
      24
      16
      29
      27
      23
      28
      17
      19
      21
      21
      26
      20
      31
      29
      23
      24
      34
      24
      18
      28
      16
      15
      14
      21
      16
      24
      28
      26
      27
      21
      22
      22
      26
      30
      25
      23
      18
      17
      21
      20
      18
      16
      18
      21
      20
      21
      17
      25
      18
      14
      21
      17
      16
      21
      22
      19
      19
      18
      24
       9
      13
      21
      16
      13
      19
      15
      19
      18
      15
      19
      15
      15
      17
      20
      19
      12
      20
      17
      20
       9
      18
      14
      13
      14
      12
      21
      14
      13
      18
      17
      23
      16
      17
      15
      18
      18
      13
      14
      12
      14
      11
      13
      19
      19
       9
      10
      11
      15
      20
       8
      14
      15
       9
      12
      14
       9
      15
      14
      10
      12
       9
      13
      12
      10
      20
      10
      12
      15
      17
      13
      10
      12
      12
      13
      12
      10
      10
      17
      17
      14
      17
      18
      17
      11
      10
      11
      17
      17
      14
      18
      17
      18
      13
       9
      16
      12
      16
       9
      13
      20
      14
      17
      21
      17
      11
      23
      32
      22
      22
      25
      26
      30
      31
      34
      33
      37
      39
      47
      58
      49
      62
      68
      66
      69
      75
     103
     105
      96
     108
      98
     120
     109
     108
     127
     120
     142
     148
     137
     123
     135
     111
     121
     118
     117
     128
     118
     101
     100
      88
      87
      63
      51
      54
      61
      50
      66
      58
      40
      42
      34
      32
      31
      24
      26
      23
      20
      14
      15
      23
      19
      10
      11
       7
      21
       6
       9
       5
      11
       6
      12
      12
      13
      13
       4
       8
       9
      14
      11
       9
      10
       7
       9
       7
       7
       9
      10
      10
      11
       9
       3
       9
       9
       6
       6
      11
      11
      14
       7
      10
       9
       5
       7
       5
       6
       9
      11
       7
      12
       8
      11
      10
       7
      11
       8
       6
       6
      12
       5
      16
       3
      11
       6
      11
       9
       7
      12
       7
       4
       6
       8
       8
       2
       6
       7
       6
       4
       5
       6
       5
       7
       4
       7
       5
       9
       7
      10
       9
      10
       8
       7
       9
       5
       2
       7
       3
       7
       5
       5
       4
       5
       7
       4
       5
       6
       6
       6
       8
       6
       6
       8
       2
       6
       6
       8
      10
       4
       6
       6
       9
       8
      10
       8
       8
       5
       2
       5
       5
      10
       6
      10
       3
       7
       6
       7
      10
       3
       7
       9
       9
       2
       4
      10
       5
       7
       3
       6
       5
       9
       2
       1
       9
       6
       6
       1
       8
       3
       5
       6
       8
       4
       7
       3
       3
       4
       5
       3
       3
       6
       5
       2
       4
       5
       7
       5
       4
       5
       4
       6
       5
       7
       3
       2
       3
       1
       7
       1
       6
       1
       4
       3
       5
       5
       8
       1
       3
       4
       5
       5
       4
       3
       2
       4
       2
       2
       4
       5
       5
       7
       6
       7
       5
       5
       1
       4
       5
       2
       2
       6
       5
       3
       3
       1
       5
       8
       1
       5
       6
       2
       6
       8
       3
       4
       3
       4
       1
       5
       6
       0
       2
       4
       3
       3
       5
       5
       3
       6
       3
       1
       4
       5
       4
       4
       6
       7
       3
       8
       2
       6
       6
       1
       6
       6
       3
       2
       3
       2
       3
       4
       3
       5
       6
       4
       3
       4
       2
       2
       6
       5
       1
       4
       8
       3
       6
       2
       2
       3
       4
       6
       2
       1
       1
       2
       3
       5
       2
       2
       5
       1
       4
       2
       5
       7
       1
       2
       6
       4
       2
       5
       5
       4
       0
       1
       3
       7
       3
       2
       3
       1
       6
       4
      10
       3
       2
       1
       0
       2
       3
       4
       3
       3
       0
       2
       6
       2
       1
       5
       2
       5
       8
       6
       7
       9
      10
      11
      13
      12
      10
      14
      14
      20
      19
      18
      14
      31
      32
      38
      23
      30
      42
      35
      63
      59
      60
      59
      58
      69
      89
      77
      83
      98
     100
      84
     111
     118
     105
     119
     107
     104
     114
     116
      77
      90
     100
      92
      92
      93
      91
      74
      75
      61
      59
      63
      53
      48
      49
      35
      27
      30
      25
      19
      19
      17
       9
      13
       9
       8
       1
       3
       8
       4
       3
       1
       0
       2
       3
       2
       2
       2
       1
       5
       2
       1
       1
       3
       3
       0
       2
       1
       1
       3
       0
       2
       3
       2
       1
       0
       1
       1
       0
       1
       4
       4
       5
       2
       3
       2
       3
       2
       2
       1
       1
       2
       6
       0
       3
       1
       0
       0
       1
       2
       1
       1
       2
       0
       3
       2
       3
       3
       1
       1
       0
       1
       2
       3
       4
       3
       2
       4
       0
       1
       2
       1
       0
       3
       3
       1
       1
       2
       2
       2
       1
       2
       1
       1
       4
       4
       4
       2
       3
       4
       3
       1
       1
       1
       1
       1
       2
       3
       3
       2
       1
       1
       2
       0
       3
       2
       3
       4
       3
       7
       6
       3
       4
       3
       3
       4
       3
       5
       5
       5
       4
      10
       5
       8
       8
      10
       7
       8
       8
       6
      15
      16
      10
       8
      10
       9
       8
       8
      12
      12
      10
       9
       9
      17
      12
       7
      12
      12
      18
      19
      14
       4
      14
      15
      18
      12
      12
      14
      20
      15
      15
       8
      20
      19
      12
      20
      17
      21
      22
      13
      15
      13
      23
      25
      26
      21
      13
      15
      19
      20
      19
      24
      15
      15
      22
      16
      20
      29
      15
      19
      19
      26
      18
      10
      12
      20
      17
      15
      27
      16
      11
      15
      17
      14
      16
      15
       8
      12
      11
       6
       8
       7
       9
       6
       7
      14
       5
       7
       7
      10
       7
       7
      10
       9
       8
      12
       5
       3
      10
      10
      13
       7
      13
       7
       8
       6
       6
       2
       5
       6
       5
       9
       6
       7
       6
       5
       2
       7
       5
       5
       6
       6
       5
       6
      11
       4
       5
      11
       3
       7
       4
       3
      10
      10
       3
       8
       1
       7
       6
       8
       9
       6
       7
       3
       5
       9
       6
       8
       5
       2
       6
       9
       9
       5
       8
       8
       6
      16
       7
       6
      10
       5
      17
       1
      11
       9
      10
      14
       8
      11
      14
      12
       9
      10
      11
       4
      11
       9
      10
      10
       7
       4
       8
       3
       3
      10
       3
       7
       3
       8
       3
       2
       4
       7
       8
       3
       4
       3
       3
       3
       4
       0
       0
       3
       1
       3
       2
       1
       0
       4
       1
       4
       1
       1
       3
       1
       5
       1
       5
       0
       0
       1
       3
       1
       4
       5
       4
       1
       1
       1
       4
       1
       3
       3
       5
       4
       2
       1
       8
       1
       1
       5
       1
       4
       3
       4
       0
       3
       4
       3
       2
       0
       4
       1
       3
       0
       1
       3
       4
       2
       2
       1
       1
       2
       2
       1
       1
       0
       2
       2
       2
       4
       8
       4
       2
       5
       1
       0
       1
       2
       3
       1
       1
       3
       0
       3
       2
       1
       1
       2
       2
       4
       3
       0
       5
       1
       2
       1
       2
       2
       0
       0
       1
       1
       1
       2
       2
       2
       0
       3
       3
       0
       2
       3
       2
       0
       1
       4
       1
       3
       3
       1
       2
       3
       1
       4
       1
       2
       0
       1
       1
       0
       4
       4
       1
       1
       0
       2
       2
       1
       2
       1
       3
       1
       0
       2
       5
       1
       2
       2
       0
       1
       2
       1
       3
       1
       1
       1
       0
       2
       1
       4
       4
       2
       0
       0
       4
       2
       2
       2
       0
       2
       1
       0
       0
       4
       1
       1
       1
       3
       1
       1
       0
       0
       0
       2
       1
       1
       0
       2
       1
       0
       3
       1
       5
       0
       1
       1
       1
       3
       0
       0
       1
       2
       1
       2
       2
       1
       1
       3
       1
       4
       0
       1
       3
       0
       1
       1
       3
       0
       2
       1
       0
       0
       1
       0
       0
       0
       1
       3
       2
       0
       2
       2
       1
       0
       0
       0
       0
       0
       0
       0
       0
       0
       0
       0
       0
       0
       0
       0
       0
       0
       0
       0
       0
       0
       0
       0
       0
       0
       0
       0
       0
       0
       0
       0
       0
       0
       0
       0
       0
       0
       0
       0
       0
       0
       0
       0
       0
       0
       0
       0
       0
       0
       0
       0
       0
       0
       0
       0
       0
       0
       0
       0
       0
       0
       0
       0
       0
$ROI:
0
$PRESETS:
Real Time
1200
0
$ENER_FIT:
0.000000 0.000000
$MCA_CAL:
3
0.000000E+000 0.000000E+000 0.000000E+000 
$SHAPE_CAL:
3
0.000000E+000 0.000000E+000 0.000000E+000
