$SPEC_ID:
No sample description was entered.
$SPEC_REM:
DET# 1
DETDESC# DESKTOP-L9Q2V8F Model 928 SN 22174364
AP# Maestro Version 7.01
$DATE_MEA:
05/06/2026 19:53:50
$MEAS_TIM:
0 1200
$DATA:
0 4095
       0
       0
       0
       0
 8909859
10385083
11756241
12942587
13908455
14651781
15161267
15477472
15598595
15509117
15238616
14780036
14185522
13480339
12687158
11847001
10968926
10095637
 9223229
 8374107
 7546304
 6757671
 6015452
 5315938
 4666559
 4075865
 3543533
 3058232
 2626856
 2241900
 1905803
 1613559
 1357998
 1141113
  952920
  790984
  658822
  543415
  448702
  368734
  302383
  247609
  202310
  163620
  133109
  107365
   86899
   70077
   56205
   45654
   36443
   29647
   23505
   19285
   15334
   12572
    9886
    8061
    6573
    5439
    4423
    3831
    3226
    2828
    2307
    2107
    1887
    1696
    1462
    1470
    1276
    1230
    1204
    1129
    1078
    1004
    1037
    1001
     883
     919
     868
     858
     843
     844
     818
     820
     779
     705
     737
     704
     674
     705
     667
     659
     683
     604
     598
     628
     651
     661
     604
     562
     591
     568
     541
     549
     534
     507
     544
     514
     473
     496
     510
     493
     464
     504
     470
     440
     420
     435
     431
     411
     395
     354
     404
     425
     376
     363
     402
     384
     357
     363
     384
     330
     348
     344
     332
     351
     310
     292
     301
     293
     314
     271
     292
     293
     320
     306
     317
     292
     273
     305
     287
     281
     299
     298
     256
     279
     314
     245
     291
     309
     287
     270
     272
     283
     272
     282
     284
     263
     263
     290
     270
     267
     246
     280
     246
     251
     254
     259
     317
     306
     282
     281
     296
     312
     318
     260
     291
     319
     318
     303
     308
     317
     307
     316
     300
     304
     311
     281
     277
     290
     310
     335
     294
     286
     273
     265
     243
     299
     277
     294
     265
     296
     269
     242
     286
     260
     288
     270
     254
     316
     296
     270
     308
     294
     272
     268
     259
     237
     305
     258
     256
     272
     273
     290
     298
     248
     261
     265
     228
     258
     240
     264
     257
     249
     273
     245
     248
     253
     236
     259
     260
     256
     249
     237
     237
     269
     259
     241
     262
     243
     244
     279
     258
     243
     271
     243
     248
     283
     275
     250
     227
     246
     266
     258
     272
     275
     261
     304
     264
     259
     264
     266
     284
     291
     286
     304
     347
     348
     341
     351
     376
     408
     393
     408
     481
     522
     561
     554
     643
     623
     730
     776
     791
     793
     913
     951
    1024
    1110
    1093
    1148
    1173
    1211
    1200
    1220
    1259
    1220
    1193
    1205
    1194
    1152
    1098
    1053
    1043
     938
     907
     811
     807
     717
     674
     632
     614
     546
     525
     478
     416
     425
     344
     343
     328
     286
     255
     263
     256
     244
     216
     235
     229
     219
     233
     228
     190
     203
     189
     225
     195
     208
     221
     210
     226
     199
     197
     192
     217
     222
     226
     203
     191
     197
     229
     200
     203
     193
     225
     194
     186
     184
     217
     206
     226
     206
     166
     219
     188
     213
     191
     207
     193
     188
     216
     207
     207
     219
     198
     199
     200
     194
     166
     173
     183
     177
     189
     196
     182
     215
     182
     198
     199
     189
     189
     180
     184
     176
     178
     195
     211
     198
     209
     188
     213
     179
     203
     184
     182
     181
     180
     205
     178
     180
     181
     182
     195
     195
     179
     202
     178
     205
     187
     198
     179
     182
     171
     171
     190
     188
     213
     195
     172
     179
     199
     211
     160
     169
     186
     192
     185
     196
     184
     181
     183
     180
     214
     191
     182
     199
     201
     192
     168
     184
     190
     171
     189
     188
     220
     187
     193
     204
     188
     183
     185
     201
     184
     186
     179
     184
     189
     167
     168
     198
     186
     179
     193
     182
     194
     193
     205
     190
     170
     178
     180
     172
     195
     179
     189
     165
     150
     200
     203
     162
     180
     172
     173
     134
     166
     148
     181
     177
     161
     169
     163
     161
     167
     173
     148
     151
     179
     143
     153
     160
     173
     164
     141
     114
     164
     174
     144
     132
     150
     159
     144
     147
     144
     164
     134
     144
     176
     158
     143
     153
     157
     154
     161
     136
     142
     147
     138
     143
     143
     122
     128
     153
     137
     143
     154
     160
     128
     146
     137
     145
     149
     136
     144
     141
     137
     142
     146
     126
     150
     137
     136
     132
     155
     142
     142
     140
     159
     134
     148
     131
     150
     123
     134
     117
     146
     146
     117
     124
     128
     132
     145
     152
     161
     155
     144
     150
     158
     157
     143
     144
     168
     166
     150
     186
     191
     208
     183
     197
     248
     215
     234
     246
     241
     282
     253
     306
     260
     302
     301
     290
     314
     312
     304
     291
     301
     286
     295
     266
     257
     274
     261
     261
     248
     221
     228
     198
     180
     165
     156
     163
     154
     152
     161
     151
     141
     146
     123
     131
     130
     109
     117
     105
      97
     117
     102
     114
     103
     107
      95
     110
     113
      95
     122
      97
     108
     100
     111
      98
      85
      92
     124
      99
     114
      90
      99
     103
     109
     120
     126
     113
     105
     117
     110
     111
     115
     120
     106
     101
      86
     109
      98
     102
     110
     113
      96
      92
      94
      96
      94
     112
      95
      91
     102
     115
      99
     116
      97
     108
     108
     108
     108
     115
      97
     100
     109
      92
     103
      94
      97
      99
      86
      90
     101
      95
     109
     109
     107
      88
     105
      92
      82
     104
      91
      90
      90
      85
      96
     112
     107
      94
      88
     104
      98
      89
     107
      97
     110
      97
     109
      87
      76
     111
      89
     106
      84
      96
      89
      98
     103
      98
      79
      94
      96
     105
     116
      98
      93
     118
      84
      91
      83
      93
     103
      83
     103
      85
      84
      96
      91
     102
      91
      87
     109
      82
      88
     102
      78
      82
      81
     122
      82
      89
      95
      74
      85
      85
     104
      82
      88
      83
      86
     100
      82
     100
      77
      82
      82
      93
      76
      97
      95
      86
      90
      92
      79
      79
      77
      86
      81
      64
      80
      72
      65
      89
      78
      84
      82
      93
     102
      79
      84
     104
      91
      72
      80
      85
      93
      86
      86
      85
      80
      78
      98
      96
     103
     102
     105
     101
     111
     110
     101
     116
     116
     148
     120
     163
     195
     170
     219
     200
     207
     228
     267
     246
     306
     346
     330
     348
     396
     400
     419
     426
     449
     451
     448
     514
     526
     465
     491
     520
     488
     474
     477
     454
     442
     382
     404
     361
     366
     311
     319
     264
     247
     211
     235
     206
     199
     158
     143
     145
     130
     116
     129
     120
      94
      97
      91
      91
      96
      95
      75
      77
      58
      78
      76
      67
      62
      79
      75
      80
      80
      55
      75
      68
      71
      76
      66
      73
      86
      66
      64
      80
      92
      85
      80
      87
      84
      85
      95
      88
      70
      80
      77
      72
      77
      68
      79
      49
      71
      68
      68
      56
      63
      69
      71
      59
      72
      68
      61
      61
      75
      65
      77
      47
      61
      70
      74
      62
      57
      52
      63
      67
      52
      79
      74
      64
      70
      50
      72
      54
      59
      79
      66
      71
      70
      71
      59
      64
      70
      70
      55
      56
      64
      47
      61
      56
      80
      69
      52
      68
      65
      63
      66
      77
      68
      72
      61
      65
      51
      66
      58
      61
      73
      51
      72
      65
      62
      62
      56
      46
      62
      60
      65
      58
      57
      71
      68
      75
      66
      71
      72
      79
      73
      61
      68
      74
      72
      79
      72
      91
      85
      76
      87
      82
      89
     102
      85
      98
      92
      89
      92
      83
      74
      84
      90
      95
      86
      71
      91
      82
      70
      70
      80
      73
      66
      80
      77
      58
      68
      57
      47
      61
      87
      55
      60
      75
      60
      51
      66
      55
      58
      63
      61
      72
      53
      49
      57
      60
      56
      61
      73
      54
      71
      62
      66
      62
      61
      55
      48
      40
      61
      57
      44
      51
      57
      57
      63
      63
      59
      56
      61
      62
      57
      64
      77
      67
      77
      74
      87
      86
      72
      76
      82
      90
     100
      80
      89
      73
      93
     103
      95
      88
     101
      92
      98
     100
     108
      94
      98
     105
      87
      67
      95
      78
      84
      83
      88
      80
      73
      72
      57
      66
      64
      69
      63
      63
      56
      61
      58
      49
      52
      67
      68
      44
      46
      59
      59
      51
      49
      57
      55
      47
      50
      53
      56
      63
      65
      56
      55
      61
      48
      44
      51
      58
      58
      45
      59
      61
      45
      58
      48
      53
      51
      41
      56
      54
      49
      66
      51
      47
      53
      44
      42
      59
      49
      54
      48
      51
      51
      66
      49
      42
      41
      57
      56
      46
      63
      56
      56
      58
      62
      65
      65
      52
      58
      46
      54
      48
      54
      52
      62
      47
      56
      65
      56
      50
      54
      60
      59
      57
      60
      65
      65
      57
      64
      62
      62
      49
      65
      57
      53
      68
      53
      53
      48
      42
      56
      58
      64
      59
      71
      60
      61
      54
      58
      50
      44
      60
      53
      65
      55
      54
      52
      50
      54
      54
      54
      60
      53
      49
      54
      68
      52
      63
      49
      51
      65
      61
      56
      49
      62
      47
      53
      61
      68
      50
      59
      54
      62
      54
      41
      64
      54
      71
      49
      41
      56
      61
      66
      56
      51
      53
      64
      54
      39
      45
      65
      66
      55
      55
      45
      58
      59
      50
      55
      56
      52
      52
      49
      55
      52
      52
      52
      55
      49
      56
      62
      59
      51
      50
      56
      66
      64
      56
      52
      61
      67
      59
      39
      51
      42
      59
      49
      58
      60
      48
      41
      55
      58
      58
      57
      54
      68
      61
      63
      61
      67
      45
      42
      58
      56
      67
      63
      49
      46
      42
      49
      77
      56
      38
      59
      45
      71
      50
      60
      48
      58
      56
      65
      52
      65
      68
      52
      47
      54
      46
      62
      50
      33
      53
      49
      60
      50
      57
      69
      44
      47
      49
      47
      51
      50
      60
      58
      54
      51
      52
      47
      51
      61
      57
      75
      60
      49
      55
      58
      62
      46
      47
      60
      48
      56
      67
      64
      62
      52
      55
      60
      62
      54
      80
      66
      54
      61
      56
      52
      48
      67
      67
      59
      46
      64
      59
      51
      70
      62
      54
      59
      64
      69
      56
      52
      54
      62
      63
      53
      54
      64
      46
      57
      46
      80
      62
      49
      48
      59
      50
      63
      63
      53
      60
      55
      52
      62
      61
      56
      57
      71
      57
      63
      64
      64
      49
      56
      61
      54
      54
      51
      56
      65
      66
      58
      59
      51
      73
      59
      50
      42
      67
      58
      48
      49
      58
      56
      51
      37
      55
      61
      75
      51
      51
      64
      52
      59
      49
      36
      62
      36
      48
      47
      41
      46
      45
      62
      37
      40
      52
      45
      35
      55
      51
      52
      36
      55
      40
      52
      48
      60
      55
      56
      47
      49
      54
      43
      48
      55
      48
      38
      50
      55
      43
      52
      60
      51
      45
      37
      59
      71
      42
      47
      47
      57
      49
      40
      49
      45
      43
      35
      49
      38
      34
      54
      43
      50
      48
      41
      52
      44
      50
      47
      50
      46
      31
      38
      62
      53
      53
      47
      50
      57
      44
      42
      46
      47
      55
      47
      46
      30
      44
      36
      44
      49
      49
      34
      41
      46
      39
      39
      41
      55
      45
      45
      48
      53
      43
      44
      45
      35
      49
      38
      52
      44
      43
      55
      56
      46
      47
      51
      47
      45
      42
      49
      44
      48
      44
      36
      38
      48
      35
      39
      48
      44
      47
      49
      47
      42
      41
      46
      50
      49
      55
      52
      40
      40
      53
      40
      49
      53
      32
      52
      44
      42
      46
      34
      31
      47
      43
      48
      56
      44
      48
      32
      42
      44
      41
      53
      41
      52
      41
      51
      52
      31
      45
      39
      51
      50
      39
      43
      40
      44
      41
      33
      42
      36
      42
      39
      40
      43
      56
      44
      42
      47
      44
      37
      43
      45
      42
      37
      52
      52
      38
      35
      40
      40
      56
      56
      41
      35
      48
      44
      48
      52
      56
      39
      51
      39
      51
      57
      49
      47
      54
      49
      49
      52
      60
      51
      40
      42
      40
      49
      50
      46
      32
      39
      55
      49
      48
      40
      56
      47
      51
      36
      46
      44
      50
      42
      39
      48
      47
      54
      62
      48
      54
      42
      48
      53
      44
      49
      56
      42
      53
      57
      40
      37
      39
      36
      51
      47
      44
      28
      45
      47
      38
      37
      31
      39
      34
      49
      50
      38
      41
      40
      51
      39
      29
      32
      39
      44
      36
      43
      37
      40
      51
      33
      37
      44
      49
      36
      40
      49
      36
      47
      34
      39
      47
      33
      34
      42
      40
      53
      40
      46
      37
      40
      46
      41
      39
      37
      43
      46
      40
      45
      31
      58
      50
      44
      34
      43
      34
      49
      44
      44
      47
      64
      53
      41
      40
      50
      45
      40
      43
      51
      42
      49
      35
      55
      41
      37
      46
      42
      35
      50
      44
      41
      44
      54
      45
      37
      37
      55
      41
      45
      44
      39
      38
      42
      45
      44
      51
      49
      38
      42
      48
      37
      53
      47
      46
      44
      53
      39
      45
      43
      42
      28
      49
      38
      56
      57
      37
      40
      38
      38
      34
      40
      49
      34
      42
      33
      39
      42
      37
      39
      50
      44
      42
      42
      47
      47
      30
      36
      41
      46
      54
      31
      44
      36
      35
      44
      45
      34
      51
      45
      54
      46
      38
      54
      55
      48
      46
      49
      32
      43
      49
      34
      42
      47
      41
      39
      39
      38
      50
      37
      43
      48
      47
      39
      47
      46
      46
      54
      38
      51
      44
      66
      53
      49
      66
      45
      77
      65
      77
      70
     103
      70
      82
     103
     100
     108
     103
     109
     110
     118
     103
     124
     129
     114
     110
     110
     116
     110
     103
     119
      94
      93
     108
     112
      92
      90
      69
      74
      76
      82
      61
      66
      63
      61
      81
      43
      49
      53
      58
      41
      42
      27
      57
      39
      42
      38
      38
      48
      25
      33
      52
      36
      34
      35
      28
      44
      38
      32
      30
      35
      26
      31
      39
      38
      28
      36
      43
      28
      40
      33
      36
      33
      35
      32
      25
      34
      33
      35
      28
      37
      30
      30
      39
      31
      46
      33
      41
      28
      34
      34
      39
      39
      30
      34
      36
      43
      41
      31
      44
      40
      29
      39
      44
      38
      36
      40
      28
      49
      31
      38
      34
      35
      36
      29
      45
      30
      33
      37
      35
      27
      35
      40
      40
      24
      21
      25
      32
      26
      33
      38
      44
      38
      35
      47
      36
      43
      41
      36
      30
      21
      36
      38
      47
      35
      33
      36
      38
      35
      24
      37
      24
      34
      27
      35
      41
      32
      41
      34
      34
      41
      45
      36
      38
      36
      32
      35
      43
      42
      30
      31
      30
      41
      34
      44
      41
      30
      32
      28
      42
      30
      31
      39
      44
      33
      36
      35
      32
      39
      36
      41
      32
      33
      35
      39
      32
      29
      27
      46
      33
      40
      23
      30
      44
      29
      33
      37
      35
      29
      27
      35
      47
      35
      35
      40
      28
      36
      39
      27
      28
      44
      53
      52
      37
      44
      27
      39
      34
      43
      48
      49
      52
      61
      44
      55
      55
      52
      62
      52
      53
      55
      68
      53
      70
      51
      56
      52
      68
      46
      49
      66
      54
      45
      55
      40
      45
      48
      52
      37
      47
      48
      39
      53
      39
      40
      49
      44
      31
      37
      24
      41
      50
      34
      32
      27
      35
      33
      25
      40
      38
      41
      35
      37
      35
      36
      40
      28
      39
      27
      26
      22
      29
      31
      35
      34
      31
      30
      37
      29
      31
      36
      36
      36
      27
      31
      34
      30
      38
      30
      40
      33
      29
      25
      22
      26
      22
      19
      39
      28
      20
      41
      25
      32
      17
      38
      34
      35
      44
      25
      33
      32
      28
      20
      33
      41
      23
      27
      35
      31
      36
      19
      29
      29
      17
      22
      31
      28
      41
      28
      25
      34
      22
      21
      25
      28
      24
      21
      29
      23
      25
      26
      30
      28
      27
      37
      28
      24
      30
      31
      26
      27
      33
      30
      24
      27
      18
      18
      23
      29
      26
      25
      23
      13
      22
      33
      31
      34
      13
      17
      25
      26
      23
      18
      31
      31
      33
      30
      21
      24
      29
      26
      20
      19
      26
      26
      29
      22
      19
      19
      23
      31
      19
      21
      22
      22
      19
      25
      21
      26
      22
      14
      25
      17
      32
      15
      20
      15
      28
      27
      22
      15
      25
      31
      20
      29
      16
      19
      23
      18
      26
      16
      25
      22
      13
      17
      13
      29
      23
      13
      15
      20
      24
      23
      32
      19
      21
      19
      34
      25
      21
      18
      19
      28
      34
      31
      34
      30
      29
      36
      32
      37
      43
      42
      35
      52
      47
      47
      54
      48
      66
      60
      64
      74
      67
      91
      66
      93
      95
     108
      84
     100
     101
     105
      86
      96
     112
      83
      96
      77
      72
      83
      72
      77
      70
      63
      70
      42
      52
      50
      54
      39
      52
      30
      39
      40
      29
      33
      26
      31
      23
      16
      19
      21
      26
      22
       9
      17
      16
      28
      22
      18
      26
      11
      16
      14
      16
      18
      18
      18
      18
      23
      19
      21
      12
      20
      16
      23
      10
      22
      17
      17
      25
      21
      30
      13
      16
      22
      21
      14
      26
      22
      21
      14
      10
      13
      12
      15
       8
      15
      12
      11
      17
      15
      14
      16
      25
      21
      19
      27
      20
      12
      22
      20
      24
      19
      13
      22
      19
      13
      16
      27
      23
      29
      16
      18
      32
      14
      13
      12
      30
      19
      23
      18
      17
      26
      20
      11
      16
      25
      18
      18
      14
      22
      18
      10
      18
      21
      16
      21
      15
      14
      14
      15
      18
      14
      21
      26
      15
      12
      21
      12
      12
      10
      19
       6
      20
      16
      13
      15
       9
      14
      16
      26
      19
      10
      22
      21
      14
      11
      23
      10
      17
      18
      20
      12
       9
      17
      24
      12
      11
      12
      21
      10
      14
      16
      10
      19
      17
      16
      16
      19
      18
      15
      13
      20
      11
      19
      21
      16
      13
      11
      23
      19
      11
      26
       9
      17
      18
      17
      16
      12
       8
      13
      11
      12
      17
      11
      12
      15
      11
      15
      14
      19
      15
      23
      10
       9
      21
      15
      11
      20
      19
      18
      18
      20
      16
      24
      20
      16
      19
      12
      14
      10
      15
      17
      14
      19
      12
      14
      11
      15
      17
      21
      14
      17
      16
      18
      12
      16
      11
      11
      10
      13
      16
      14
      11
      18
      14
      24
      13
      20
      13
      17
      17
      17
      16
      18
      12
      10
      12
      13
      16
      14
      31
      14
      21
      13
      24
      24
      18
      12
      21
      19
      22
      14
      16
      14
      14
      25
      26
      16
      24
      30
      22
      36
      28
      28
      30
      33
      45
      42
      46
      41
      53
      56
      58
      58
      54
      53
      57
      57
      56
      55
      74
      75
      66
      62
      62
      70
      65
      83
      75
      60
      74
      56
      69
      66
      40
      48
      61
      46
      41
      48
      43
      33
      25
      36
      27
      25
      30
      27
      28
      17
      18
      23
      15
      22
      21
      23
      13
      30
      17
      27
      23
      17
      30
      29
      25
      24
      29
      33
      32
      33
      37
      29
      48
      46
      39
      68
      53
      47
      66
      52
      65
      65
      66
      67
      85
      78
      66
      77
      69
      74
      80
      73
      62
      91
      83
      83
      68
      72
      84
      59
      50
      55
      46
      46
      37
      42
      42
      26
      35
      26
      38
      32
      26
      28
      27
      29
      19
      21
      12
      20
      17
      18
      21
      17
      15
      14
      25
      20
      12
      12
      12
      13
      24
      18
      21
      16
      11
      21
      11
      18
      17
       9
      23
      20
      23
      15
      14
       9
      13
      20
      20
      13
      16
      13
      17
      15
      12
      16
      11
      16
      16
      19
      20
      16
      12
      18
      14
      18
      13
      13
       7
      18
      11
      15
      17
      19
      15
      15
      16
      16
      21
      15
      12
      20
      19
      21
      13
      17
      16
      16
      13
      14
      18
      13
      18
      12
      13
      13
      16
      14
      15
      18
      12
      16
      15
      21
      20
      21
      11
      13
      18
      12
      16
      21
      12
      15
      22
      17
      12
      24
      13
      20
      20
      17
      19
      16
      21
      13
      11
      28
      12
      11
      24
      20
      26
      19
      12
      14
      12
      17
      13
      15
      27
      17
      15
      14
      28
      26
      19
      17
      22
      12
      16
      19
      16
      21
      11
      14
      19
      14
      16
      20
      21
      14
      22
      14
      12
      11
      12
      12
      10
      20
       9
      11
      15
      21
      19
      12
      26
      13
      17
      18
       9
      18
      18
      15
      20
      16
      13
      12
      18
      17
      18
      14
      10
       6
      13
      18
      11
      16
      18
      19
       7
      16
      15
      14
      12
      12
      11
      15
      14
       4
       4
      16
      18
       7
       6
      20
      11
      11
      15
      11
      10
      13
      16
       9
      15
       9
      11
      18
      16
       9
      14
      13
      14
      15
      10
      15
      11
      19
      12
      10
      18
      15
      24
      14
      14
      18
      22
      22
      10
      20
      14
      11
      15
      13
      14
      17
      13
      15
      20
      17
      10
      17
      15
      13
      11
       6
      12
      14
       8
      10
      14
      12
       6
      10
       8
      11
       9
       9
       5
      11
       7
      12
       9
       8
      11
      11
       4
       6
      11
      10
       5
      13
      12
       8
       6
      12
      13
       6
       4
      15
       7
       6
      10
       8
       3
      10
       9
      11
      11
      11
       4
       7
      10
      12
       8
       6
      15
      11
       8
       6
      10
      13
       6
       7
      12
       7
      10
       7
      11
      10
       9
       7
      15
       7
       6
       6
       4
       5
      13
       7
       6
       6
      15
       8
       6
       6
       9
       4
      10
      12
       6
      10
      11
       5
       9
       8
       8
      13
       6
       3
       6
       4
      13
       3
       3
       4
       6
       8
       7
       7
       6
       5
       7
      10
      13
       5
       5
       5
       6
      13
       6
       8
       7
       7
       2
       3
      11
       8
       7
       2
       8
       8
       6
       8
       5
       7
       7
       7
       3
       7
       7
       6
       6
       7
       4
      10
      10
       4
       8
       6
       9
       3
       6
      11
       9
       8
       5
       8
       9
       5
       7
       8
       4
       6
       6
       5
       7
       6
       8
       8
       3
       5
       7
       8
       7
      10
       9
       3
       7
       2
      10
       5
       3
       2
       6
       7
       6
       9
       5
       9
       7
       8
       8
       8
      10
       5
       8
      12
       8
       6
      13
       7
      13
       7
      15
       7
      13
       7
      10
       4
       9
      16
      13
       9
       6
       6
      14
       8
      13
       7
       6
      10
       5
       8
       8
       5
       9
       3
       8
       8
       8
       5
       5
       4
       9
       4
       2
       6
       4
       5
       3
       3
       2
       6
       1
       1
       5
       3
       4
       8
       0
       3
       3
       2
       2
       2
       4
       3
       3
       1
       5
       1
       2
       3
       4
       5
       4
       3
       2
       3
       2
       3
       4
       2
       2
       3
       4
       1
       7
       1
       6
       3
       4
       7
       3
       8
       3
       4
       3
       3
       5
       1
       4
       7
       3
       5
       3
       3
       4
       1
       4
       4
       1
       2
       4
       1
       3
       1
       4
       3
       7
       1
       2
       2
       2
       2
       2
       1
       1
       3
       3
       2
       5
       0
       7
       1
       1
       5
       2
       5
       2
       3
       3
       8
       2
       2
       1
       3
       2
       2
       1
       2
       2
       7
       1
       1
       3
       0
       4
       1
       3
       2
       3
       2
       0
       4
       4
       2
       1
       1
       3
       2
       3
       4
       4
       3
       2
       0
       1
       1
       1
       2
       2
       3
       2
       5
       3
       5
       5
       2
       3
       2
       2
       3
       2
       2
       2
       2
       1
       1
       1
       2
       2
       3
       2
       3
       6
       5
       5
       1
       0
       1
       3
       3
       6
       4
       4
       1
       4
       3
       6
       2
       2
       3
       3
       3
       4
       3
       5
       1
       3
       8
       3
       4
       4
       2
       1
       1
       5
       5
       5
       5
       5
       5
       6
       3
       1
       5
       1
       7
       6
       9
       9
       5
      10
       8
       7
      14
       9
      11
      11
       9
      10
       8
      17
      23
      17
      26
      19
      33
      20
      20
      27
      20
      24
      26
      29
      43
      36
      43
      41
      40
      45
      40
      38
      58
      46
      65
      66
      64
      65
      76
      53
      74
      86
      95
      81
      97
      83
      80
      80
      94
      76
      75
      89
      73
      69
      72
      96
      60
      69
      56
      45
      45
      36
      44
      40
      38
      23
      44
      35
      24
      20
      24
      20
      13
      19
      21
      10
      11
      12
       7
      13
      14
      15
      12
      14
       8
       7
       7
      11
       4
       7
       3
       7
       7
       6
       2
       7
       8
       5
       7
       7
       4
       3
       8
       4
       4
       1
       4
       6
       2
       5
       2
       4
       4
       1
       5
       4
       1
       5
       4
       3
       2
       3
       4
       5
       2
       5
       5
       7
       5
       2
       4
       1
       4
       4
       3
       0
       7
       4
       1
       6
       0
       2
       1
       7
       2
       1
       4
       4
       3
       3
       3
       7
       3
       5
       1
       8
       1
       2
       6
       8
       6
       6
       5
      10
       3
       0
       8
       9
       5
       8
       7
       6
      11
      11
       5
      17
      11
      18
       7
      11
       2
       9
      11
      10
      12
      13
       6
      11
      13
       4
       9
       3
       1
       6
       3
       7
       1
       1
       5
       1
       3
       5
       3
       5
       1
       4
       1
       3
       3
       4
       1
       2
       2
       1
       1
       1
       2
       1
       1
       2
       2
       2
       1
       2
       3
       0
       5
       4
       1
       0
       2
       2
       2
       2
       2
       0
       1
       3
       1
       3
       0
       1
       0
       2
       5
       1
       0
       1
       2
       2
       3
       2
       2
       1
       2
       2
       0
       1
       1
       0
       1
       2
       1
       0
       0
       2
       2
       1
       1
       3
       2
       2
       2
       1
       1
       1
       1
       2
       0
       1
       0
       1
       1
       2
       1
       1
       2
       0
       0
       1
       2
       1
       0
       0
       1
       1
       1
       3
       1
       0
       1
       1
       0
       0
       2
       1
       0
       1
       1
       0
       0
       0
       0
       1
       1
       1
       2
       1
       2
       0
       2
       0
       2
       1
       0
       0
       1
       0
       0
       3
       1
       0
       1
       1
       2
       1
       1
       1
       1
       0
       1
       0
       1
       0
       1
       1
       0
       3
       2
       4
       0
       0
       3
       4
       4
       0
       0
       2
       2
       5
       1
       0
       2
       5
       1
       4
       0
       1
       2
       0
       0
       3
       1
       1
       2
       1
       2
       0
       2
       1
       1
       2
       0
       0
       0
       0
       1
       0
       1
       2
       0
       2
       0
       0
       0
       0
       0
       0
       1
       0
       0
       0
       1
       2
       0
       1
       0
       2
       1
       0
       1
       0
       1
       0
       1
       0
       0
       1
       0
       0
       1
       0
       1
       0
       0
       0
       0
       2
       1
       0
       0
       0
       0
       1
       1
       0
       0
       2
       1
       0
       1
       0
       1
       0
       0
       0
       0
       0
       0
       0
       0
       0
       0
       0
       0
       0
       0
       0
       0
       0
       0
       0
       0
       0
       0
       0
       0
       0
       0
       0
       0
       0
       0
       0
       0
       0
       0
       0
       0
       0
       0
       0
       0
       0
       0
       0
       0
       0
       0
       0
       0
       0
       0
       0
       0
       0
       0
       0
       0
       0
       0
       0
       0
       0
       0
       0
       0
       0
       0
       0
       0
       0
       0
       0
$ROI:
0
$PRESETS:
Real Time
1200
0
$ENER_FIT:
0.000000 0.000000
$MCA_CAL:
3
0.000000E+000 0.000000E+000 0.000000E+000 
$SHAPE_CAL:
3
0.000000E+000 0.000000E+000 0.000000E+000
